Time :0
Waiting clients : (22,2,1);(43,2,6);(49,2,2);(7,3,5);(9,5,5);(50,5,3);(24,6,3);(31,6,1);(32,6,5);(48,6,1);(14,7,6);(30,8,4);(4,9,4);(29,10,5);(1,11,2);(39,11,5);(40,12,3);(12,13,4);(6,15,3);(11,15,6);(41,18,3);(17,19,1);(36,20,2);(47,20,2);(27,21,1);(46,21,2);(8,22,3);(18,22,6);(5,24,6);(28,24,5);(19,25,2);(20,26,5);(42,26,2);(2,28,3);(3,29,2);(34,29,6);(38,29,1);(44,29,2);(10,31,1);(21,31,1);(33,31,5);(25,32,5);(26,32,3);(15,33,2);(45,33,1);(23,36,2);(13,37,4);(16,38,1);(35,39,3);(37,39,1);
 COADA 0: 
 COADA 1: 
 COADA 2: 
 COADA 3: 
 COADA 4: 

Time :1
Waiting clients : (22,2,1);(43,2,6);(49,2,2);(7,3,5);(9,5,5);(50,5,3);(24,6,3);(31,6,1);(32,6,5);(48,6,1);(14,7,6);(30,8,4);(4,9,4);(29,10,5);(1,11,2);(39,11,5);(40,12,3);(12,13,4);(6,15,3);(11,15,6);(41,18,3);(17,19,1);(36,20,2);(47,20,2);(27,21,1);(46,21,2);(8,22,3);(18,22,6);(5,24,6);(28,24,5);(19,25,2);(20,26,5);(42,26,2);(2,28,3);(3,29,2);(34,29,6);(38,29,1);(44,29,2);(10,31,1);(21,31,1);(33,31,5);(25,32,5);(26,32,3);(15,33,2);(45,33,1);(23,36,2);(13,37,4);(16,38,1);(35,39,3);(37,39,1);
 COADA 0: 
 COADA 1: 
 COADA 2: 
 COADA 3: 
 COADA 4: 

Time :2
Waiting clients : (7,3,5);(9,5,5);(50,5,3);(24,6,3);(31,6,1);(32,6,5);(48,6,1);(14,7,6);(30,8,4);(4,9,4);(29,10,5);(1,11,2);(39,11,5);(40,12,3);(12,13,4);(6,15,3);(11,15,6);(41,18,3);(17,19,1);(36,20,2);(47,20,2);(27,21,1);(46,21,2);(8,22,3);(18,22,6);(5,24,6);(28,24,5);(19,25,2);(20,26,5);(42,26,2);(2,28,3);(3,29,2);(34,29,6);(38,29,1);(44,29,2);(10,31,1);(21,31,1);(33,31,5);(25,32,5);(26,32,3);(15,33,2);(45,33,1);(23,36,2);(13,37,4);(16,38,1);(35,39,3);(37,39,1);
 COADA 0: (22,2,1,3);
 COADA 1: (43,2,6,8);
 COADA 2: (49,2,2,4);
 COADA 3: 
 COADA 4: 

Time :3
Waiting clients : (9,5,5);(50,5,3);(24,6,3);(31,6,1);(32,6,5);(48,6,1);(14,7,6);(30,8,4);(4,9,4);(29,10,5);(1,11,2);(39,11,5);(40,12,3);(12,13,4);(6,15,3);(11,15,6);(41,18,3);(17,19,1);(36,20,2);(47,20,2);(27,21,1);(46,21,2);(8,22,3);(18,22,6);(5,24,6);(28,24,5);(19,25,2);(20,26,5);(42,26,2);(2,28,3);(3,29,2);(34,29,6);(38,29,1);(44,29,2);(10,31,1);(21,31,1);(33,31,5);(25,32,5);(26,32,3);(15,33,2);(45,33,1);(23,36,2);(13,37,4);(16,38,1);(35,39,3);(37,39,1);
 COADA 0: (7,3,5,8);
 COADA 1: (43,2,6,8);
 COADA 2: (49,2,2,4);
 COADA 3: 
 COADA 4: 

Time :4
Waiting clients : (9,5,5);(50,5,3);(24,6,3);(31,6,1);(32,6,5);(48,6,1);(14,7,6);(30,8,4);(4,9,4);(29,10,5);(1,11,2);(39,11,5);(40,12,3);(12,13,4);(6,15,3);(11,15,6);(41,18,3);(17,19,1);(36,20,2);(47,20,2);(27,21,1);(46,21,2);(8,22,3);(18,22,6);(5,24,6);(28,24,5);(19,25,2);(20,26,5);(42,26,2);(2,28,3);(3,29,2);(34,29,6);(38,29,1);(44,29,2);(10,31,1);(21,31,1);(33,31,5);(25,32,5);(26,32,3);(15,33,2);(45,33,1);(23,36,2);(13,37,4);(16,38,1);(35,39,3);(37,39,1);
 COADA 0: (7,3,5,8);
 COADA 1: (43,2,6,8);
 COADA 2: 
 COADA 3: 
 COADA 4: 

Time :5
Waiting clients : (24,6,3);(31,6,1);(32,6,5);(48,6,1);(14,7,6);(30,8,4);(4,9,4);(29,10,5);(1,11,2);(39,11,5);(40,12,3);(12,13,4);(6,15,3);(11,15,6);(41,18,3);(17,19,1);(36,20,2);(47,20,2);(27,21,1);(46,21,2);(8,22,3);(18,22,6);(5,24,6);(28,24,5);(19,25,2);(20,26,5);(42,26,2);(2,28,3);(3,29,2);(34,29,6);(38,29,1);(44,29,2);(10,31,1);(21,31,1);(33,31,5);(25,32,5);(26,32,3);(15,33,2);(45,33,1);(23,36,2);(13,37,4);(16,38,1);(35,39,3);(37,39,1);
 COADA 0: (7,3,5,8);
 COADA 1: (43,2,6,8);
 COADA 2: (9,5,5,10);
 COADA 3: (50,5,3,8);
 COADA 4: 

Time :6
Waiting clients : (14,7,6);(30,8,4);(4,9,4);(29,10,5);(1,11,2);(39,11,5);(40,12,3);(12,13,4);(6,15,3);(11,15,6);(41,18,3);(17,19,1);(36,20,2);(47,20,2);(27,21,1);(46,21,2);(8,22,3);(18,22,6);(5,24,6);(28,24,5);(19,25,2);(20,26,5);(42,26,2);(2,28,3);(3,29,2);(34,29,6);(38,29,1);(44,29,2);(10,31,1);(21,31,1);(33,31,5);(25,32,5);(26,32,3);(15,33,2);(45,33,1);(23,36,2);(13,37,4);(16,38,1);(35,39,3);(37,39,1);
 COADA 0: (7,3,5,8);
 COADA 1: (43,2,6,8);
 COADA 2: (9,5,5,10);
 COADA 3: (50,5,3,8);(31,6,1,10);(48,6,1,11);
 COADA 4: (24,6,3,9);(32,6,5,14);

Time :7
Waiting clients : (30,8,4);(4,9,4);(29,10,5);(1,11,2);(39,11,5);(40,12,3);(12,13,4);(6,15,3);(11,15,6);(41,18,3);(17,19,1);(36,20,2);(47,20,2);(27,21,1);(46,21,2);(8,22,3);(18,22,6);(5,24,6);(28,24,5);(19,25,2);(20,26,5);(42,26,2);(2,28,3);(3,29,2);(34,29,6);(38,29,1);(44,29,2);(10,31,1);(21,31,1);(33,31,5);(25,32,5);(26,32,3);(15,33,2);(45,33,1);(23,36,2);(13,37,4);(16,38,1);(35,39,3);(37,39,1);
 COADA 0: (7,3,5,8);(14,7,6,18);
 COADA 1: (43,2,6,8);
 COADA 2: (9,5,5,10);
 COADA 3: (50,5,3,8);(31,6,1,10);(48,6,1,11);
 COADA 4: (24,6,3,9);(32,6,5,14);

Time :8
Waiting clients : (4,9,4);(29,10,5);(1,11,2);(39,11,5);(40,12,3);(12,13,4);(6,15,3);(11,15,6);(41,18,3);(17,19,1);(36,20,2);(47,20,2);(27,21,1);(46,21,2);(8,22,3);(18,22,6);(5,24,6);(28,24,5);(19,25,2);(20,26,5);(42,26,2);(2,28,3);(3,29,2);(34,29,6);(38,29,1);(44,29,2);(10,31,1);(21,31,1);(33,31,5);(25,32,5);(26,32,3);(15,33,2);(45,33,1);(23,36,2);(13,37,4);(16,38,1);(35,39,3);(37,39,1);
 COADA 0: (14,7,6,18);
 COADA 1: (30,8,4,12);
 COADA 2: (9,5,5,10);
 COADA 3: (31,6,1,10);(48,6,1,11);
 COADA 4: (24,6,3,9);(32,6,5,14);

Time :9
Waiting clients : (29,10,5);(1,11,2);(39,11,5);(40,12,3);(12,13,4);(6,15,3);(11,15,6);(41,18,3);(17,19,1);(36,20,2);(47,20,2);(27,21,1);(46,21,2);(8,22,3);(18,22,6);(5,24,6);(28,24,5);(19,25,2);(20,26,5);(42,26,2);(2,28,3);(3,29,2);(34,29,6);(38,29,1);(44,29,2);(10,31,1);(21,31,1);(33,31,5);(25,32,5);(26,32,3);(15,33,2);(45,33,1);(23,36,2);(13,37,4);(16,38,1);(35,39,3);(37,39,1);
 COADA 0: (14,7,6,18);
 COADA 1: (30,8,4,12);
 COADA 2: (9,5,5,10);
 COADA 3: (48,6,1,11);(4,9,4,14);
 COADA 4: (32,6,5,14);

Time :10
Waiting clients : (1,11,2);(39,11,5);(40,12,3);(12,13,4);(6,15,3);(11,15,6);(41,18,3);(17,19,1);(36,20,2);(47,20,2);(27,21,1);(46,21,2);(8,22,3);(18,22,6);(5,24,6);(28,24,5);(19,25,2);(20,26,5);(42,26,2);(2,28,3);(3,29,2);(34,29,6);(38,29,1);(44,29,2);(10,31,1);(21,31,1);(33,31,5);(25,32,5);(26,32,3);(15,33,2);(45,33,1);(23,36,2);(13,37,4);(16,38,1);(35,39,3);(37,39,1);
 COADA 0: (14,7,6,18);
 COADA 1: (30,8,4,12);
 COADA 2: (29,10,5,15);
 COADA 3: (4,9,4,14);
 COADA 4: (32,6,5,14);

Time :11
Waiting clients : (40,12,3);(12,13,4);(6,15,3);(11,15,6);(41,18,3);(17,19,1);(36,20,2);(47,20,2);(27,21,1);(46,21,2);(8,22,3);(18,22,6);(5,24,6);(28,24,5);(19,25,2);(20,26,5);(42,26,2);(2,28,3);(3,29,2);(34,29,6);(38,29,1);(44,29,2);(10,31,1);(21,31,1);(33,31,5);(25,32,5);(26,32,3);(15,33,2);(45,33,1);(23,36,2);(13,37,4);(16,38,1);(35,39,3);(37,39,1);
 COADA 0: (14,7,6,18);
 COADA 1: (30,8,4,12);(1,11,2,17);
 COADA 2: (29,10,5,15);
 COADA 3: (4,9,4,14);(39,11,5,20);
 COADA 4: (32,6,5,14);

Time :12
Waiting clients : (12,13,4);(6,15,3);(11,15,6);(41,18,3);(17,19,1);(36,20,2);(47,20,2);(27,21,1);(46,21,2);(8,22,3);(18,22,6);(5,24,6);(28,24,5);(19,25,2);(20,26,5);(42,26,2);(2,28,3);(3,29,2);(34,29,6);(38,29,1);(44,29,2);(10,31,1);(21,31,1);(33,31,5);(25,32,5);(26,32,3);(15,33,2);(45,33,1);(23,36,2);(13,37,4);(16,38,1);(35,39,3);(37,39,1);
 COADA 0: (14,7,6,18);
 COADA 1: (1,11,2,17);(40,12,3,17);
 COADA 2: (29,10,5,15);
 COADA 3: (4,9,4,14);(39,11,5,20);
 COADA 4: (32,6,5,14);

Time :13
Waiting clients : (6,15,3);(11,15,6);(41,18,3);(17,19,1);(36,20,2);(47,20,2);(27,21,1);(46,21,2);(8,22,3);(18,22,6);(5,24,6);(28,24,5);(19,25,2);(20,26,5);(42,26,2);(2,28,3);(3,29,2);(34,29,6);(38,29,1);(44,29,2);(10,31,1);(21,31,1);(33,31,5);(25,32,5);(26,32,3);(15,33,2);(45,33,1);(23,36,2);(13,37,4);(16,38,1);(35,39,3);(37,39,1);
 COADA 0: (14,7,6,18);
 COADA 1: (1,11,2,17);(40,12,3,17);(12,13,4,22);
 COADA 2: (29,10,5,15);
 COADA 3: (4,9,4,14);(39,11,5,20);
 COADA 4: (32,6,5,14);

Time :14
Waiting clients : (6,15,3);(11,15,6);(41,18,3);(17,19,1);(36,20,2);(47,20,2);(27,21,1);(46,21,2);(8,22,3);(18,22,6);(5,24,6);(28,24,5);(19,25,2);(20,26,5);(42,26,2);(2,28,3);(3,29,2);(34,29,6);(38,29,1);(44,29,2);(10,31,1);(21,31,1);(33,31,5);(25,32,5);(26,32,3);(15,33,2);(45,33,1);(23,36,2);(13,37,4);(16,38,1);(35,39,3);(37,39,1);
 COADA 0: 
 COADA 1: (40,12,3,17);(12,13,4,22);
 COADA 2: (29,10,5,15);
 COADA 3: (39,11,5,20);
 COADA 4: 

Time :15
Waiting clients : (41,18,3);(17,19,1);(36,20,2);(47,20,2);(27,21,1);(46,21,2);(8,22,3);(18,22,6);(5,24,6);(28,24,5);(19,25,2);(20,26,5);(42,26,2);(2,28,3);(3,29,2);(34,29,6);(38,29,1);(44,29,2);(10,31,1);(21,31,1);(33,31,5);(25,32,5);(26,32,3);(15,33,2);(45,33,1);(23,36,2);(13,37,4);(16,38,1);(35,39,3);(37,39,1);
 COADA 0: (6,15,3,18);
 COADA 1: (40,12,3,17);(12,13,4,22);
 COADA 2: (11,15,6,21);
 COADA 3: (39,11,5,20);
 COADA 4: 

Time :16
Waiting clients : (41,18,3);(17,19,1);(36,20,2);(47,20,2);(27,21,1);(46,21,2);(8,22,3);(18,22,6);(5,24,6);(28,24,5);(19,25,2);(20,26,5);(42,26,2);(2,28,3);(3,29,2);(34,29,6);(38,29,1);(44,29,2);(10,31,1);(21,31,1);(33,31,5);(25,32,5);(26,32,3);(15,33,2);(45,33,1);(23,36,2);(13,37,4);(16,38,1);(35,39,3);(37,39,1);
 COADA 0: (6,15,3,18);
 COADA 1: (40,12,3,17);(12,13,4,22);
 COADA 2: (11,15,6,21);
 COADA 3: (39,11,5,20);
 COADA 4: 

Time :17
Waiting clients : (41,18,3);(17,19,1);(36,20,2);(47,20,2);(27,21,1);(46,21,2);(8,22,3);(18,22,6);(5,24,6);(28,24,5);(19,25,2);(20,26,5);(42,26,2);(2,28,3);(3,29,2);(34,29,6);(38,29,1);(44,29,2);(10,31,1);(21,31,1);(33,31,5);(25,32,5);(26,32,3);(15,33,2);(45,33,1);(23,36,2);(13,37,4);(16,38,1);(35,39,3);(37,39,1);
 COADA 0: (6,15,3,18);
 COADA 1: (12,13,4,22);
 COADA 2: (11,15,6,21);
 COADA 3: (39,11,5,20);
 COADA 4: 

Time :18
Waiting clients : (17,19,1);(36,20,2);(47,20,2);(27,21,1);(46,21,2);(8,22,3);(18,22,6);(5,24,6);(28,24,5);(19,25,2);(20,26,5);(42,26,2);(2,28,3);(3,29,2);(34,29,6);(38,29,1);(44,29,2);(10,31,1);(21,31,1);(33,31,5);(25,32,5);(26,32,3);(15,33,2);(45,33,1);(23,36,2);(13,37,4);(16,38,1);(35,39,3);(37,39,1);
 COADA 0: (41,18,3,21);
 COADA 1: (12,13,4,22);
 COADA 2: (11,15,6,21);
 COADA 3: (39,11,5,20);
 COADA 4: 

Time :19
Waiting clients : (36,20,2);(47,20,2);(27,21,1);(46,21,2);(8,22,3);(18,22,6);(5,24,6);(28,24,5);(19,25,2);(20,26,5);(42,26,2);(2,28,3);(3,29,2);(34,29,6);(38,29,1);(44,29,2);(10,31,1);(21,31,1);(33,31,5);(25,32,5);(26,32,3);(15,33,2);(45,33,1);(23,36,2);(13,37,4);(16,38,1);(35,39,3);(37,39,1);
 COADA 0: (41,18,3,21);
 COADA 1: (12,13,4,22);
 COADA 2: (11,15,6,21);
 COADA 3: (17,19,1,20);
 COADA 4: 

Time :20
Waiting clients : (27,21,1);(46,21,2);(8,22,3);(18,22,6);(5,24,6);(28,24,5);(19,25,2);(20,26,5);(42,26,2);(2,28,3);(3,29,2);(34,29,6);(38,29,1);(44,29,2);(10,31,1);(21,31,1);(33,31,5);(25,32,5);(26,32,3);(15,33,2);(45,33,1);(23,36,2);(13,37,4);(16,38,1);(35,39,3);(37,39,1);
 COADA 0: (41,18,3,21);
 COADA 1: (12,13,4,22);
 COADA 2: (11,15,6,21);
 COADA 3: (36,20,2,22);
 COADA 4: (47,20,2,22);

Time :21
Waiting clients : (8,22,3);(18,22,6);(5,24,6);(28,24,5);(19,25,2);(20,26,5);(42,26,2);(2,28,3);(3,29,2);(34,29,6);(38,29,1);(44,29,2);(10,31,1);(21,31,1);(33,31,5);(25,32,5);(26,32,3);(15,33,2);(45,33,1);(23,36,2);(13,37,4);(16,38,1);(35,39,3);(37,39,1);
 COADA 0: (27,21,1,22);
 COADA 1: (46,21,2,23);
 COADA 2: 
 COADA 3: (36,20,2,22);
 COADA 4: (47,20,2,22);

Time :22
Waiting clients : (5,24,6);(28,24,5);(19,25,2);(20,26,5);(42,26,2);(2,28,3);(3,29,2);(34,29,6);(38,29,1);(44,29,2);(10,31,1);(21,31,1);(33,31,5);(25,32,5);(26,32,3);(15,33,2);(45,33,1);(23,36,2);(13,37,4);(16,38,1);(35,39,3);(37,39,1);
 COADA 0: (8,22,3,25);
 COADA 1: (46,21,2,23);
 COADA 2: (18,22,6,28);
 COADA 3: 
 COADA 4: 

Time :23
Waiting clients : (5,24,6);(28,24,5);(19,25,2);(20,26,5);(42,26,2);(2,28,3);(3,29,2);(34,29,6);(38,29,1);(44,29,2);(10,31,1);(21,31,1);(33,31,5);(25,32,5);(26,32,3);(15,33,2);(45,33,1);(23,36,2);(13,37,4);(16,38,1);(35,39,3);(37,39,1);
 COADA 0: (8,22,3,25);
 COADA 1: 
 COADA 2: (18,22,6,28);
 COADA 3: 
 COADA 4: 

Time :24
Waiting clients : (19,25,2);(20,26,5);(42,26,2);(2,28,3);(3,29,2);(34,29,6);(38,29,1);(44,29,2);(10,31,1);(21,31,1);(33,31,5);(25,32,5);(26,32,3);(15,33,2);(45,33,1);(23,36,2);(13,37,4);(16,38,1);(35,39,3);(37,39,1);
 COADA 0: (8,22,3,25);
 COADA 1: (5,24,6,30);
 COADA 2: (18,22,6,28);
 COADA 3: (28,24,5,29);
 COADA 4: 

Time :25
Waiting clients : (20,26,5);(42,26,2);(2,28,3);(3,29,2);(34,29,6);(38,29,1);(44,29,2);(10,31,1);(21,31,1);(33,31,5);(25,32,5);(26,32,3);(15,33,2);(45,33,1);(23,36,2);(13,37,4);(16,38,1);(35,39,3);(37,39,1);
 COADA 0: (19,25,2,27);
 COADA 1: (5,24,6,30);
 COADA 2: (18,22,6,28);
 COADA 3: (28,24,5,29);
 COADA 4: 

Time :26
Waiting clients : (2,28,3);(3,29,2);(34,29,6);(38,29,1);(44,29,2);(10,31,1);(21,31,1);(33,31,5);(25,32,5);(26,32,3);(15,33,2);(45,33,1);(23,36,2);(13,37,4);(16,38,1);(35,39,3);(37,39,1);
 COADA 0: (19,25,2,27);(42,26,2,30);
 COADA 1: (5,24,6,30);
 COADA 2: (18,22,6,28);
 COADA 3: (28,24,5,29);
 COADA 4: (20,26,5,31);

Time :27
Waiting clients : (2,28,3);(3,29,2);(34,29,6);(38,29,1);(44,29,2);(10,31,1);(21,31,1);(33,31,5);(25,32,5);(26,32,3);(15,33,2);(45,33,1);(23,36,2);(13,37,4);(16,38,1);(35,39,3);(37,39,1);
 COADA 0: (42,26,2,30);
 COADA 1: (5,24,6,30);
 COADA 2: (18,22,6,28);
 COADA 3: (28,24,5,29);
 COADA 4: (20,26,5,31);

Time :28
Waiting clients : (3,29,2);(34,29,6);(38,29,1);(44,29,2);(10,31,1);(21,31,1);(33,31,5);(25,32,5);(26,32,3);(15,33,2);(45,33,1);(23,36,2);(13,37,4);(16,38,1);(35,39,3);(37,39,1);
 COADA 0: (42,26,2,30);
 COADA 1: (5,24,6,30);
 COADA 2: (2,28,3,31);
 COADA 3: (28,24,5,29);
 COADA 4: (20,26,5,31);

Time :29
Waiting clients : (10,31,1);(21,31,1);(33,31,5);(25,32,5);(26,32,3);(15,33,2);(45,33,1);(23,36,2);(13,37,4);(16,38,1);(35,39,3);(37,39,1);
 COADA 0: (3,29,2,31);(38,29,1,32);(44,29,2,34);
 COADA 1: (5,24,6,30);
 COADA 2: (2,28,3,31);
 COADA 3: (34,29,6,35);
 COADA 4: (20,26,5,31);

Time :30
Waiting clients : (10,31,1);(21,31,1);(33,31,5);(25,32,5);(26,32,3);(15,33,2);(45,33,1);(23,36,2);(13,37,4);(16,38,1);(35,39,3);(37,39,1);
 COADA 0: (3,29,2,31);(38,29,1,32);(44,29,2,34);
 COADA 1: 
 COADA 2: (2,28,3,31);
 COADA 3: (34,29,6,35);
 COADA 4: (20,26,5,31);

Time :31
Waiting clients : (25,32,5);(26,32,3);(15,33,2);(45,33,1);(23,36,2);(13,37,4);(16,38,1);(35,39,3);(37,39,1);
 COADA 0: (38,29,1,32);(44,29,2,34);
 COADA 1: (10,31,1,32);
 COADA 2: (21,31,1,32);
 COADA 3: (34,29,6,35);
 COADA 4: (33,31,5,36);

Time :32
Waiting clients : (15,33,2);(45,33,1);(23,36,2);(13,37,4);(16,38,1);(35,39,3);(37,39,1);
 COADA 0: (44,29,2,34);
 COADA 1: (25,32,5,37);
 COADA 2: (26,32,3,35);
 COADA 3: (34,29,6,35);
 COADA 4: (33,31,5,36);

Time :33
Waiting clients : (23,36,2);(13,37,4);(16,38,1);(35,39,3);(37,39,1);
 COADA 0: (44,29,2,34);(15,33,2,37);
 COADA 1: (25,32,5,37);
 COADA 2: (26,32,3,35);(45,33,1,37);
 COADA 3: (34,29,6,35);
 COADA 4: (33,31,5,36);

Time :34
Waiting clients : (23,36,2);(13,37,4);(16,38,1);(35,39,3);(37,39,1);
 COADA 0: (15,33,2,37);
 COADA 1: (25,32,5,37);
 COADA 2: (26,32,3,35);(45,33,1,37);
 COADA 3: (34,29,6,35);
 COADA 4: (33,31,5,36);

Time :35
Waiting clients : (23,36,2);(13,37,4);(16,38,1);(35,39,3);(37,39,1);
 COADA 0: (15,33,2,37);
 COADA 1: (25,32,5,37);
 COADA 2: (45,33,1,37);
 COADA 3: 
 COADA 4: (33,31,5,36);

Time :36
Waiting clients : (13,37,4);(16,38,1);(35,39,3);(37,39,1);
 COADA 0: (23,36,2,38);
 COADA 1: (25,32,5,37);
 COADA 2: 
 COADA 3: 
 COADA 4: 

Time :37
Waiting clients : (16,38,1);(35,39,3);(37,39,1);
 COADA 0: (23,36,2,38);
 COADA 1: (13,37,4,41);
 COADA 2: 
 COADA 3: 
 COADA 4: 

Time :38
Waiting clients : (35,39,3);(37,39,1);
 COADA 0: (16,38,1,39);
 COADA 1: (13,37,4,41);
 COADA 2: 
 COADA 3: 
 COADA 4: 

Time :39
Waiting clients : 
 COADA 0: (35,39,3,42);
 COADA 1: (13,37,4,41);
 COADA 2: (37,39,1,40);
 COADA 3: 
 COADA 4: 

Time :40
Waiting clients : 
 COADA 0: (35,39,3,42);
 COADA 1: (13,37,4,41);
 COADA 2: 
 COADA 3: 
 COADA 4: 

Time :41
Waiting clients : 
 COADA 0: (35,39,3,42);
 COADA 1: 
 COADA 2: 
 COADA 3: 
 COADA 4: 

Time :42
Waiting clients : 
 COADA 0: 
 COADA 1: 
 COADA 2: 
 COADA 3: 
 COADA 4: 

Time :43
Waiting clients : 
 COADA 0: 
 COADA 1: 
 COADA 2: 
 COADA 3: 
 COADA 4: 

Time :44
Waiting clients : 
 COADA 0: 
 COADA 1: 
 COADA 2: 
 COADA 3: 
 COADA 4: 

Time :45
Waiting clients : 
 COADA 0: 
 COADA 1: 
 COADA 2: 
 COADA 3: 
 COADA 4: 

Time :46
Waiting clients : 
 COADA 0: 
 COADA 1: 
 COADA 2: 
 COADA 3: 
 COADA 4: 

Time :47
Waiting clients : 
 COADA 0: 
 COADA 1: 
 COADA 2: 
 COADA 3: 
 COADA 4: 

Time :48
Waiting clients : 
 COADA 0: 
 COADA 1: 
 COADA 2: 
 COADA 3: 
 COADA 4: 

Time :49
Waiting clients : 
 COADA 0: 
 COADA 1: 
 COADA 2: 
 COADA 3: 
 COADA 4: 

Time :50
Waiting clients : 
 COADA 0: 
 COADA 1: 
 COADA 2: 
 COADA 3: 
 COADA 4: 

Time :51
Waiting clients : 
 COADA 0: 
 COADA 1: 
 COADA 2: 
 COADA 3: 
 COADA 4: 

Time :52
Waiting clients : 
 COADA 0: 
 COADA 1: 
 COADA 2: 
 COADA 3: 
 COADA 4: 

Time :53
Waiting clients : 
 COADA 0: 
 COADA 1: 
 COADA 2: 
 COADA 3: 
 COADA 4: 

Time :54
Waiting clients : 
 COADA 0: 
 COADA 1: 
 COADA 2: 
 COADA 3: 
 COADA 4: 

Time :55
Waiting clients : 
 COADA 0: 
 COADA 1: 
 COADA 2: 
 COADA 3: 
 COADA 4: 

Time :56
Waiting clients : 
 COADA 0: 
 COADA 1: 
 COADA 2: 
 COADA 3: 
 COADA 4: 

Time :57
Waiting clients : 
 COADA 0: 
 COADA 1: 
 COADA 2: 
 COADA 3: 
 COADA 4: 

Time :58
Waiting clients : 
 COADA 0: 
 COADA 1: 
 COADA 2: 
 COADA 3: 
 COADA 4: 

Time :59
Waiting clients : 
 COADA 0: 
 COADA 1: 
 COADA 2: 
 COADA 3: 
 COADA 4: 

The average Waiting time is : 0.86
The peak hour was : 7 with :9 Clients
The average processing time is : 3.14
